              precision    recall  f1-score   support

           0       0.96      0.99      0.97      1381
           1       0.95      0.99      0.97      1575
           2       0.96      0.94      0.95      1398
           3       0.93      0.95      0.94      1428
           4       0.96      0.92      0.94      1365
           5       0.94      0.92      0.93      1263
           6       0.95      0.98      0.96      1375
           7       0.93      0.94      0.94      1459
           8       0.98      0.89      0.93      1365
           9       0.90      0.92      0.91      1391

    accuracy                           0.94     14000
   macro avg       0.95      0.94      0.94     14000
weighted avg       0.95      0.94      0.94     14000
